-
-
1 6 0 0
4 6 0 0
5 6 0 0
3 6 0 0
8 6 0 0
12 6 0 0
0 6 0 0
9 6 0 0
11 6 0 0
0 6 0 0
-
8 6 0 0
7 6 0 0
9 6 0 0
8 6 0 0
2 6 0 0
10 6 0 0
3 6 0 0
8 6 0 0
9 6 0 0
2 6 0 0
-
3 6 0 0
5 6 0 0
12 6 0 0
7 6 0 0
6 6 0 0
4 6 0 0
3 6 0 0
7 6 0 0
5 6 0 0
7 6 0 0
-
8 6 0 0
1 6 0 0
9 6 0 0
0 6 0 0
7 6 0 0
12 6 0 0
5 6 0 0
9 6 0 0
2 6 0 0
5 6 0 0
-
8 6 1 1
7 6 1 0
10 6 0 0
6 6 0 0
8 6 0 0
4 6 0 0
-
6 6 1 1
1 6 1 0
2 6 1 0
7 6 0 0
8 6 0 0
11 6 0 0
10 6 0 0
10 6 0 0
-
0 6 1 1
0 6 1 0
9 6 0 0
11 6 0 0
3 6 0 0
12 6 0 0
0 6 0 0
-
4 6 1 1
12 6 1 0
7 6 0 0
2 6 0 0
10 6 0 0
1 6 0 0
2 6 0 0
-
3 6 1 1
1 6 1 0
1 6 0 0
6 6 0 0
10 6 0 0
12 6 0 0
-
4 6 1 1
9 6 1 0
9 6 0 0
6 6 0 0
6 6 0 0
11 6 0 0
-
2 6 1 1
11 6 1 0
5 6 0 0
2 6 0 0
1 6 0 0
3 6 0 0
-
1 6 1 1
6 6 1 0
4 6 0 0
11 6 0 0
10 6 0 0
12 6 0 0
-
5 6 1 1
3 6 1 0
4 6 0 0
6 6 0 0
0 6 0 0
12 6 0 0
-
0 6 1 1
10 6 1 0
11 6 0 0
5 6 0 0
4 6 0 0
11 6 0 0
-
